0
446
0
0
0
0
0
0
0
0
0
0
0
0
0
2339
0
240
0
0
0
0
0
3891
0
0
0
398
0
1225
0
0
0
0
0
0
0
0
0
1296
0
0
0
0
1313
0
0
0
0
0
0
0
0
0
0
0
0
0
0
12
1354
0
0
410
0
0
423
0
0
0
0
0
0
0
1636
0
0
0
511
1256
0
0
0
0
1315
1122
1513
0
0
0
0
0
396
0
2438
1100
0
0
0
0
0
0
3071
0
0
0
0
0
0
161
0
0
2766
1507
0
0
0
1074
0
2034
0
0
0
0
0
0
0
854
0
0
0
0
0
1920
312
0
0
1685
0
0
0
0
0
0
0
0
0
720
0
0
0
0
0
0
0
0
0
0
966
0
0
0
0
0
0
311
0
0
0
0
58
781
0
0
874
0
0
757
1419
0
377
0
561
0
77
0
0
0
14
0
1104
0
0
251
0
0
0
0
0
0
791
182
0
0
1042
58
0
0
297
1573
2528
1315
0
0
0
0
0
0
0
0
0
0
0
0
0
0
0
0
0
600
0
0
0
0
3358
0
0
0
0
0
0
0
0
0
0
0
0
0
0
0
1246
0
2917
0
0
885
