-191997
57118
-130154
-431986
-248419
-316406
-39097
-410863
-23079
-105856
-386245
-100943
-88600
-325048
-596962
299443
-189979
30745
-269479
-239721
-16398
-66162
-401136
498155
-625248
-417077
-258934
51002
-306681
156893
-145015
-190341
-471343
-313104
-512231
-218876
-307204
-133500
-369695
165940
-61112
-311857
-256454
-447713
168125
-169491
-380077
-391085
-375336
-479873
-102676
-166719
-407064
-71993
-69668
-120596
-383698
-229108
-533038
1655
173402
-359921
-227179
52480
-100403
-809033
54160
-427110
-229582
-576209
-274790
-145213
-82705
-43128
209511
-215525
-338872
-439520
65418
160808
-163321
-405557
-401831
-89935
168393
143622
193728
-391128
-572563
-400996
-459887
-143237
50789
-366169
312179
140916
-34939
-212577
-205536
-339573
-237699
-366267
393115
-211397
-179376
-121723
-344090
-160872
-296785
20608
-27143
-109870
354072
192952
-350780
-203000
-349440
137485
-51986
260363
-405596
-482228
-575437
-155795
-304151
-296979
-37560
109353
-131580
-288622
-424209
-342151
-757348
245789
39946
-330132
-95314
215748
-336636
-486862
-107047
-629810
-578010
-69728
-376145
-146802
-368201
92228
-393102
-518665
-103412
-339631
-214265
-411853
-165397
-21307
-235698
-14871
123732
-38947
-263959
-34758
-265881
-317678
-143942
39888
-418603
-292360
-743347
-247466
7532
100095
-513654
-504760
111910
-216165
-166146
96898
181690
-237950
48256
-448737
71834
-193621
9900
-203588
-184219
-467865
1875
-324746
141381
-492992
-685507
32168
-498952
-280139
-106616
-276938
-477893
-421330
101336
23411
-217310
-220867
133413
7474
-116743
-289959
38105
201382
323620
168437
-168389
-341190
-234939
-663390
-291723
-526264
-1026431
-208679
-325210
-492407
-215638
-66581
-473655
-294009
-390208
-389243
-469388
76914
-147219
-273519
-557167
-261142
429907
-374843
-94575
-650741
-294216
-345378
-380355
-216795
-176657
-264538
-638112
-257433
-107142
-319552
-275667
-36095
159509
-54691
373492
-76968
-389166
113313
