-1161980
-755606
-1062152
-439321
-2284489
-985976
-532105
-586032
-949866
-1838735
-1003718
-1188564
-1383757
-29758
49505
-25956
-404885
1133689
-391371
-946977
-1066430
-429789
1088772
-431031
-645372
-1308054
142304
-158403
-1737175
1143524
212197
-501037
625064
-1470092
538952
-997386
1799150
-106533
1050279
1039789
-606196
-633784
-14879
77106
90436
1140922
899587
437426
-409052
895684
-1089492
-1158092
134271
-561314
564850
-1157297
-508868
53628
-949353
-416376
404246
621109
-972122
-628526
1035637
-1644203
-1643971
-448582
83973
-478000
311179
106170
-757897
1128590
-842278
-222551
-618925
-268962
-1417706
525460
1818319
366496
-788240
-487214
-842775
-695414
-942868
-947988
-1067620
-692946
376963
-962601
-1333096
566805
-1077554
-574408
-734670
-400061
-314218
-895537
379457
-843410
-1345425
-605586
-457890
-1296010
-250674
-1166001
-850770
-470348
-431493
-873082
-1352459
-614623
-1122969
-1227980
-1568151
-1651764
387829
39015
116239
-538879
839705
-441498
-982025
-562826
632067
-256758
