0000
0000
0000
0000
0000
0000
0000
0000
0000
0000
0000
0000
0000
0000
0000
0000
0000
0000
0000
0000
0000
0000
0000
0000
0000
0000
0000
0000
0000
0000
0000
0000
0000
0000
0000
0000
0000
0000
0000
0000
0000
0000
0000
0000
0000
0000
0000
0000
0000
0000
0000
0000
0000
0000
0000
0000
0000
0000
0000
0000
0000
0000
0000
0000
0000
0000
0000
0000
0000
0000
0000
0000
0000
0000
0000
0000
0000
0000
0000
0000
0000
0000
0000
0000
0000
0000
0000
0000
0000
0000
0000
0000
0000
0000
0000
0000
0000
0000
0000
0000
0000
0000
0000
0000
0000
0000
0000
0000
0000
0000
0000
0000
0000
0000
0000
0000
0000
0000
0000
0000
0000
0000
0000
0000
000B
0096
00FD
00CA
001F
0000
0000
0000
0000
0000
0000
0000
0000
0000
0000
0000
0000
0000
0000
0000
0000
0000
0000
0000
0000
0000
0000
0000
0025
00FB
00FB
00FD
006B
0000
0000
0000
0000
0000
0000
0000
0000
0000
0000
0000
0000
0000
0000
0000
0000
0000
0000
0000
0000
0000
0000
0015
00C5
00FB
00FB
00FD
006B
0000
0000
0000
0000
0000
0000
0000
0000
0000
0000
0000
0000
0000
0000
0000
0000
0000
0000
0000
0000
0000
006E
00BE
00FB
00FB
00FB
00FD
00A9
006D
003E
0000
0000
0000
0000
0000
0000
0000
0000
0000
0000
0000
0000
0000
0000
0000
0000
0000
0000
0000
00FD
00FB
00FB
00FB
00FB
00FD
00FB
00FB
00DC
0033
0000
0000
0000
0000
0000
0000
0000
0000
0000
0000
0000
0000
0000
0000
0000
0000
0000
00B6
00FF
00FD
00FD
00FD
00FD
00EA
00DE
00FD
00FD
00FD
0000
0000
0000
0000
0000
0000
0000
0000
0000
0000
0000
0000
0000
0000
0000
0000
003F
00DD
00FD
00FB
00FB
00FB
0093
004D
003E
0080
00FB
00FB
0069
0000
0000
0000
0000
0000
0000
0000
0000
0000
0000
0000
0000
0000
0000
0020
00E7
00FB
00FD
00FB
00DC
0089
000A
0000
0000
001F
00E6
00FB
00F3
0071
0005
0000
0000
0000
0000
0000
0000
0000
0000
0000
0000
0000
0000
0025
00FB
00FB
00FD
00BC
0014
0000
0000
0000
0000
0000
006D
00FB
00FD
00FB
0023
0000
0000
0000
0000
0000
0000
0000
0000
0000
0000
0000
0000
0025
00FB
00FB
00C9
001E
0000
0000
0000
0000
0000
0000
001F
00C8
00FD
00FB
0023
0000
0000
0000
0000
0000
0000
0000
0000
0000
0000
0000
0000
0025
00FD
00FD
0000
0000
0000
0000
0000
0000
0000
0000
0020
00CA
00FF
00FD
00A4
0000
0000
0000
0000
0000
0000
0000
0000
0000
0000
0000
0000
008C
00FB
00FB
0000
0000
0000
0000
0000
0000
0000
0000
006D
00FB
00FD
00FB
0023
0000
0000
0000
0000
0000
0000
0000
0000
0000
0000
0000
0000
00D9
00FB
00FB
0000
0000
0000
0000
0000
0000
0015
003F
00E7
00FB
00FD
00E6
001E
0000
0000
0000
0000
0000
0000
0000
0000
0000
0000
0000
0000
00D9
00FB
00FB
0000
0000
0000
0000
0000
0000
0090
00FB
00FB
00FB
00DD
003D
0000
0000
0000
0000
0000
0000
0000
0000
0000
0000
0000
0000
0000
00D9
00FB
00FB
0000
0000
0000
0000
0000
00B6
00DD
00FB
00FB
00FB
00B4
0000
0000
0000
0000
0000
0000
0000
0000
0000
0000
0000
0000
0000
0000
00DA
00FD
00FD
0049
0049
00E4
00FD
00FD
00FF
00FD
00FD
00FD
00FD
0000
0000
0000
0000
0000
0000
0000
0000
0000
0000
0000
0000
0000
0000
0000
0071
00FB
00FB
00FD
00FB
00FB
00FB
00FB
00FD
00FB
00FB
00FB
0093
0000
0000
0000
0000
0000
0000
0000
0000
0000
0000
0000
0000
0000
0000
0000
001F
00E6
00FB
00FD
00FB
00FB
00FB
00FB
00FD
00E6
00BD
0023
000A
0000
0000
0000
0000
0000
0000
0000
0000
0000
0000
0000
0000
0000
0000
0000
0000
003E
008E
00FD
00FB
00FB
00FB
00FB
00FD
006B
0000
0000
0000
0000
0000
0000
0000
0000
0000
0000
0000
0000
0000
0000
0000
0000
0000
0000
0000
0000
0000
0048
00AE
00FB
00AD
0047
0048
001E
0000
0000
0000
0000
0000
0000
0000
0000
0000
0000
0000
0000
0000
0000
0000
0000
0000
0000
0000
0000
0000
0000
0000
0000
0000
0000
0000
0000
0000
0000
0000
0000
0000
0000
0000
0000
0000
0000
0000
0000
0000
0000
0000
0000
0000
0000
0000
0000
0000
0000
0000
0000
0000
0000
0000
0000
0000
0000
0000
0000
0000
0000
0000
0000
0000
0000
0000
0000
0000
0000
0000
0000
0000
0000
0000
0000
0000
0000
0000
0000
0000
0000
0000
0000
0000
0000
0000
0000
0000
0000
0000
0000
0000
0000
0000
0000
0000
0000
0000
0000
0000
0000
0000
0000
0000
0000
0000
0000
0000
0000
0000
0000
0000
0000
0000
0000
0000
0000
0000
0000
0000
0000
0000
