0000
0000
0000
0000
0000
0000
0000
0000
0000
0000
0000
0000
0000
0000
0000
0000
0000
0000
0000
0000
0000
0000
0000
0000
0000
0000
0000
0000
0000
0000
0000
0000
0000
0000
0000
0000
0000
0000
0000
0000
0000
0000
0000
0000
0000
0000
0000
0000
0000
0000
0000
0000
0000
0000
0000
0000
0000
0000
0000
0000
0000
0000
0000
0000
0000
0000
0000
0000
0000
0000
0000
0000
0000
0000
0000
0000
0000
0000
0000
0000
0000
0000
0000
0000
0000
0000
0000
0000
0000
0000
0000
0000
0000
0000
0007
00CC
00FD
00B0
0000
0000
0000
0000
0000
0000
0000
0000
0000
0000
0000
0000
0000
0000
0000
0000
0000
0000
0000
0000
0000
0000
0000
0007
0096
00FC
00FC
007D
0000
0000
0000
0000
0000
0000
0000
0000
0000
0000
0000
0000
0000
0000
0000
0000
0000
0000
0000
0000
0000
0000
0000
0075
00FC
00BA
0038
0000
0000
0000
0000
0000
0000
0000
0000
0000
0000
0000
0000
0000
0000
0000
0000
0000
0000
0000
0000
0000
0000
0000
0000
008D
00FC
0076
0000
0000
0000
0000
0000
0000
0000
0000
0000
0000
0000
0000
0000
0000
0000
0000
0000
0000
0000
0000
0000
0000
0000
0000
0000
009A
00F7
0032
0000
0000
0000
0000
0000
0000
0000
0000
0000
0000
0000
0000
0000
0000
0000
0000
0000
0000
0000
0000
0000
0000
0000
0000
001A
00FD
00C4
0000
0000
0000
0000
0000
0000
0000
0000
0000
0000
0000
0000
0000
0000
0000
0000
0000
0000
0000
0000
0000
0000
0000
0000
0000
0096
00FD
00C4
0000
0000
0000
0000
0000
0000
0000
0039
0055
0055
0026
0000
0000
0000
0000
0000
0000
0000
0000
0000
0000
0000
0000
0000
0000
00E1
00FD
0060
0000
0000
0000
0000
0000
0097
00E2
00F3
00FC
00FC
00EE
007D
0000
0000
0000
0000
0000
0000
0000
0000
0000
0000
0000
0000
000A
00E5
00E2
0000
0000
0000
0004
0036
00E5
00FD
00FF
00EA
00AF
00E1
00FF
00E4
001F
0000
0000
0000
0000
0000
0000
0000
0000
0000
0000
0000
006E
00FC
0096
0000
0000
001A
0080
00FC
00FC
00E3
0086
001C
0000
0000
00B2
00FC
0038
0000
0000
0000
0000
0000
0000
0000
0000
0000
0000
0000
009F
00FC
0071
0000
0000
0096
00FD
00FC
00BA
002B
0000
0000
0000
0000
008D
00FC
0038
0000
0000
0000
0000
0000
0000
0000
0000
0000
0000
0000
00B9
00FC
0071
0000
0026
00ED
00FD
0097
0006
0000
0000
0000
0000
0000
008D
00CA
0006
0000
0000
0000
0000
0000
0000
0000
0000
0000
0000
0000
00C6
00FD
0072
0000
0093
00FD
00A3
0000
0000
0000
0000
0000
0000
0000
009A
00C5
0000
0000
0000
0000
0000
0000
0000
0000
0000
0000
0000
0000
00C5
00FC
0071
0000
00AC
00FC
00BC
0000
0000
0000
0000
0000
0000
001A
00FD
00AB
0000
0000
0000
0000
0000
0000
0000
0000
0000
0000
0000
0000
00C5
00FC
0071
0000
0013
00E7
00F7
007A
0013
0000
0000
0000
0000
00C8
00F4
0038
0000
0000
0000
0000
0000
0000
0000
0000
0000
0000
0000
001A
00DE
00FC
0071
0000
0000
0019
00CB
00FC
00C1
000D
0000
004C
00C8
00F9
007D
0000
0000
0000
0000
0000
0000
0000
0000
0000
0000
0000
0000
0000
00B9
00FD
00B3
000A
0000
0000
0000
004C
0023
001D
009A
00FD
00F4
007D
0000
0000
0000
0000
0000
0000
0000
0000
0000
0000
0000
0000
0000
0000
001C
00D1
00FD
00C4
0052
0039
0039
0083
00C5
00FC
00FD
00D6
0051
0000
0000
0000
0000
0000
0000
0000
0000
0000
0000
0000
0000
0000
0000
0000
0000
0019
00D8
00FC
00FC
00FC
00FD
00FC
00FC
00FC
009C
0013
0000
0000
0000
0000
0000
0000
0000
0000
0000
0000
0000
0000
0000
0000
0000
0000
0000
0000
0010
0067
008B
00F0
008C
008B
008B
0028
0000
0000
0000
0000
0000
0000
0000
0000
0000
0000
0000
0000
0000
0000
0000
0000
0000
0000
0000
0000
0000
0000
0000
0000
0000
0000
0000
0000
0000
0000
0000
0000
0000
0000
0000
0000
0000
0000
0000
0000
0000
0000
0000
0000
0000
0000
0000
0000
0000
0000
0000
0000
0000
0000
0000
0000
0000
0000
0000
0000
0000
0000
0000
0000
0000
0000
0000
0000
0000
0000
0000
0000
0000
0000
0000
0000
0000
0000
0000
0000
0000
0000
0000
0000
0000
0000
0000
0000
0000
0000
0000
0000
0000
0000
0000
0000
0000
0000
0000
0000
0000
0000
0000
0000
0000
0000
0000
0000
0000
0000
0000
0000
0000
0000
0000
0000
0000
0000
0000
0000
0000
0000
0000
0000
0000
0000
0000
0000
0000
0000
0000
0000
0000
0000
0000
0000
0000
0000
0000
0000
0000
0000
0000
0000
0000
0000
0000
0000
0000
0000
0000
