0000
0000
0000
0000
0000
0000
0000
0000
0000
0000
0000
0000
0000
0000
0000
0000
0000
0000
0000
0000
0000
0000
0000
0000
0000
0000
0000
0000
0000
0000
0000
0000
0000
0000
0000
0000
0000
0000
0000
0000
0000
0000
0000
0000
0000
0000
0000
0000
0000
0000
0000
0000
0000
0000
0000
0000
0000
0000
0000
0000
0000
0000
0000
0000
0000
0000
0000
0000
0000
0000
0000
0000
0000
0000
0000
0000
0000
0000
0000
0000
0000
0000
0000
0000
0000
0000
0000
0000
0000
0000
0000
0000
0000
0000
0000
0000
0000
0000
0000
0000
0000
0000
0000
0000
0000
0000
0000
0000
0000
0000
0000
0000
0000
0000
0000
0000
0000
0000
000C
0029
0092
0092
0030
0000
0000
0000
0000
0000
0000
0000
0000
0000
0000
0000
0000
0000
0000
0000
0000
0000
0000
0000
0000
0000
0000
000C
0081
00FD
00FD
00FD
00FA
00A3
0012
0000
0000
0000
0000
0000
0000
0000
0000
0000
0000
0000
0000
0000
0000
0000
0000
0000
0000
0000
0000
0085
00FD
00FD
00FD
00FD
00FD
00FD
00E5
0046
0000
0000
0000
0000
0000
0000
0000
0000
0000
0000
0000
0000
0000
0000
0000
0000
0000
0000
0000
0065
00FD
00FC
0091
0066
006B
00ED
00FD
00F7
0080
000A
0000
0000
0000
0000
0000
0000
0000
0000
0000
0000
0000
0000
0000
0000
0000
0000
0000
00B5
00FD
00A7
0000
0000
0000
003D
00EB
00FD
00FD
00A3
0005
0000
0000
0000
0000
0000
0000
0000
0000
0000
0000
0000
0000
0000
0000
0000
0000
00FF
00FD
002B
0000
0000
0000
0000
003A
00C1
00FD
00FD
00A4
0004
0000
0000
0000
0000
0000
0000
0000
0000
0000
0000
0000
0000
0000
0000
0000
00BB
00FD
0020
0000
0000
0000
0000
0000
0037
00EC
00FD
00FD
0056
0000
0000
0000
0000
0000
0000
0000
0000
0000
0000
0000
0000
0000
0000
0000
0092
00FD
0020
0000
0064
00BE
0057
0057
0057
0093
00FD
00FD
007B
0000
0000
0000
0000
0000
0000
0000
0000
0000
0000
0000
0000
0000
0000
0000
005E
00FD
004E
0028
00F8
00FD
00FD
00FD
00FD
00FD
00FD
00FD
00DF
0054
000F
0000
0000
0000
0000
0000
0000
0000
0000
0000
0000
0000
0000
0000
000E
005C
000C
0023
00F0
00FD
00FD
00FD
00FD
00FD
00FD
00FD
00FD
00FD
00F4
0059
000A
0000
0000
0000
0000
0000
0000
0000
0000
0000
0000
0000
0000
0000
0000
0000
004B
00A1
00B3
00FD
00FD
00FD
00FD
00FD
00FD
00FD
00FD
00FD
00D1
002B
0000
0000
0000
0000
0000
0000
0000
0000
0000
0000
0000
0000
0000
0000
0000
0000
0003
0010
0010
0027
0026
0010
0010
0091
00F3
00FD
00FD
00B9
0030
0000
0000
0000
0000
0000
0000
0000
0000
0000
0000
0000
0000
0000
0014
003A
0000
0000
0000
0000
0000
0000
0000
0000
003A
00D1
00FD
00FD
00B7
0000
0000
0000
0000
0000
0000
0000
0000
0000
0000
0000
0000
004D
00DD
00F7
004F
0000
0000
0000
0000
0000
0000
0000
0000
000D
00DB
00FD
00F0
0048
0000
0000
0000
0000
0000
0000
0000
0000
0000
0000
0000
005A
00F7
00FD
00FC
0039
0000
0000
0000
0000
0000
0000
0000
0000
0035
00FB
00FD
00BF
0000
0000
0000
0000
0000
0000
0000
0000
0000
0000
0000
0000
0074
00FD
00FD
003B
0000
0000
0000
0000
0000
0000
0000
0000
0063
00FC
00FD
0091
0000
0000
0000
0000
0000
0000
0000
0000
0000
0000
0000
0000
000E
00BC
00FD
00DD
009E
0026
0000
0000
0000
0000
006F
00D3
00F6
00FD
00FD
0091
0000
0000
0000
0000
0000
0000
0000
0000
0000
0000
0000
0000
0000
000C
00DD
00F6
00FD
00FB
00F9
00F9
00F9
00F9
00FD
00FD
00FD
00FD
00C8
0013
0000
0000
0000
0000
0000
0000
0000
0000
0000
0000
0000
0000
0000
0000
0000
005F
00B7
00E4
00FD
00FD
00FD
00FD
00FD
00FD
00C3
007C
0017
0000
0000
0000
0000
0000
0000
0000
0000
0000
0000
0000
0000
0000
0000
0000
0000
0000
0000
0018
0025
008A
004A
007E
0058
0025
0007
0000
0000
0000
0000
0000
0000
0000
0000
0000
0000
0000
0000
0000
0000
0000
0000
0000
0000
0000
0000
0000
0000
0000
0000
0000
0000
0000
0000
0000
0000
0000
0000
0000
0000
0000
0000
0000
0000
0000
0000
0000
0000
0000
0000
0000
0000
0000
0000
0000
0000
0000
0000
0000
0000
0000
0000
0000
0000
0000
0000
0000
0000
0000
0000
0000
0000
0000
0000
0000
0000
0000
0000
0000
0000
0000
0000
0000
0000
0000
0000
0000
0000
0000
0000
0000
0000
0000
0000
0000
0000
0000
0000
0000
0000
0000
0000
0000
0000
0000
0000
0000
0000
0000
0000
0000
0000
0000
0000
0000
0000
0000
0000
0000
0000
0000
0000
0000
0000
