4657
-1736
-6028
-3583
229
-8568
-7812
-539
-7013
12794
1411
-7976
-6896
-6505
-6613
11155
-2634
-1497
-7190
-2586
12452
-3462
-16516
-4696
-1667
-2049
-1238
-13465
-3077
5426
-4304
-5821
2049
10661
-11457
-13617
-5686
-10017
-5215
-10688
-7836
6970
-13394
5753
-9770
-6625
-8297
7709
-2917
-14001
-10613
3680
-2096
-2586
-13105
-6180
2847
-9852
-574
-1646
-4603
-5470
-4390
-4562
7478
-11812
-10283
12320
-255
2207
-9635
8580
-5437
-6710
-7971
-975
-4614
-8104
5320
-8574
-16324
11720
6633
-2964
-6223
-6445
-246
-7198
3586
-2703
-7047
-7344
-7886
-10081
-4623
-6254
7537
-3484
-2621
-7615
7671
1211
-6880
-9161
-4661
-17101
-15595
-10959
-4241
6444
6055
-987
7720
-8659
-6672
-7009
-8600
-1438
13230
1453
-4048
-3750
-14780
-4744
-1909
-9926
-7476
-3393
