-5955
-2890
770
13913
-7327
20526
-6922
-5947
-13699
-11442
-310
-13077
8667
-28079
17141
5790
1800
-22182
-4009
-33834
-8830
-8606
-14137
-24832
20870
6149
-13679
4553
-17464
5717
18154
11900
-29919
-25239
-32115
-6228
-23271
-8341
-9988
-10886
1335
-13592
378
-19205
-15789
-20558
-11880
-28173
-4993
-12433
18557
-34209
-33883
5405
-7726
16990
-25510
-5209
-22527
-11480
-664
-26884
-12569
-6185
-6464
-6855
-967
-19048
-4150
15357
-9613
-17178
-23733
13067
-5607
-1295
-20658
-10928
-13704
-8894
12711
-15366
-7491
-10614
3441
-4118
-3285
-6637
-17807
17280
-3430
-6148
-17751
2542
-29743
-6974
-16333
-4780
6099
8436
995
-17098
-12028
-4884
-1215
-14141
1913
-9193
-13379
6644
-21080
-26413
-23582
7151
-2048
15781
-8721
-20131
4130
656
-20419
-7433
-19561
-19777
-8804
-13557
-5331
-21588
10353
5459
-20963
-31299
-31582
-23866
-8005
2013
-7630
-17291
-5091
-13511
4498
7712
-10619
6895
-13522
-9922
-14346
-21196
-4364
-11691
-5749
-11116
-6104
-8279
-13256
-33230
-11095
-22841
-6317
5474
-10757
-35501
6006
17903
5733
-14358
9246
2587
-37477
-16838
1762
9416
-5187
-12645
1429
-11795
7551
-20355
-6349
-5817
11425
-5474
-25370
-24826
3191
-5503
-25165
-36540
-17238
-9702
-14201
372
9292
-16035
-26402
-8622
-8536
-13348
-21448
-9910
15668
-5442
-18193
7140
-6500
-22956
-4391
-8456
-17980
6618
2112
3342
-49755
-35896
-14848
5695
-8892
-2130
-24613
-23511
-1809
-26985
-9586
-3781
-4595
-3037
-343
-11124
-10129
-6033
-3286
3789
-12408
2815
-26147
-28528
-1853
21461
2452
5836
17611
-12487
-12355
-13393
-2850
21039
-12971
-35676
-4391
-8466
-4853
-7291
-5120
5631
-19804
-16706
