0
0
3
54
0
80
0
0
0
0
0
0
33
0
66
22
7
0
0
0
0
0
0
0
81
24
0
17
0
22
70
46
0
0
0
0
0
0
0
0
5
0
1
0
0
0
0
0
0
0
72
0
0
21
0
66
0
0
0
0
0
0
0
0
0
0
0
0
0
59
0
0
0
51
0
0
0
0
0
0
49
0
0
0
13
0
0
0
0
67
0
0
0
9
0
0
0
0
23
32
3
0
0
0
0
0
7
0
0
25
0
0
0
27
0
61
0
0
16
2
0
0
0
0
0
0
0
0
40
21
0
0
0
0
0
7
0
0
0
0
17
30
0
26
0
0
0
0
0
0
0
0
0
0
0
0
0
0
0
21
0
0
23
69
22
0
36
10
0
0
6
36
0
0
5
0
29
0
0
0
44
0
0
0
12
0
0
0
0
0
0
1
36
0
0
0
0
0
0
0
61
0
0
27
0
0
0
0
0
25
8
13
0
0
0
22
0
0
0
0
0
0
0
0
0
0
0
0
0
0
0
14
0
10
0
0
0
83
9
22
68
0
0
0
0
82
0
0
0
0
0
0
0
21
0
0
