-206850
-254342
226329
-332427
-464950
206495
-1283
-504340
23089
-14354
24368
-345238
-98390
-323536
-251933
-315093
-265451
-497151
530530
-251538
-370611
126297
132979
-347736
-621113
-734381
-136457
-374992
-407260
-399529
-75957
428340
-870471
-761625
-775800
-35590
-394422
-23737
56816
-259448
158989
-1124319
-272676
-489063
-14530
-546374
-252430
-233736
192887
-91026
185664
-882842
-1107239
-144666
144045
140376
-571702
-521126
-509411
308245
-221238
-820890
-110853
-235506
-239575
-553984
565067
-480167
-121062
53994
-389399
-752766
-221465
-36626
207420
-160408
-151863
-62693
366245
-177853
-166571
-366090
-676489
-391356
-354220
136798
-378461
228221
-1048776
-310916
63492
-719476
-315416
-187073
-316181
74590
-236636
-398670
-284321
-352933
178823
-879561
20074
-360955
33257
114034
-347868
369602
-438032
72206
-446010
-470912
-200283
390713
-705562
213772
-551798
-399086
131922
10604
33473
-166553
-611567
-526415
-339507
-381659
-262101
67909
123103
104095
-638869
-1194024
-1040584
-507077
40238
-491693
-120970
37698
-220604
-640901
-207974
-178805
-834315
150516
-349009
108021
-154069
-472680
-587655
-397003
310952
-253677
-429668
-925082
-233057
-645820
-166130
-373725
-30095
-476550
174266
-146816
191751
-322094
-15978
114875
-314800
-3862
-863125
178870
-325262
349595
-387125
-541108
132134
-69635
-435210
89638
-350946
-179244
176922
-296242
-824776
-732130
-365402
-181959
-314639
-1009420
177083
228701
128807
440650
-481230
30898
-512225
154829
-61648
192925
-627922
-417148
39103
-243907
-128239
422528
174039
5799
244324
-439973
-211109
334498
453810
162212
-603671
-764374
-281247
-440898
-411038
-398959
-439101
-643043
-223976
-1100207
-229231
272736
-178751
-133238
-305228
381395
-270292
-214923
404846
-167638
-518319
-26414
-303202
-591609
606565
-96558
-122474
395775
-243010
-219046
66295
-516214
-605445
126458
-609247
-976662
-37652
201514
-5737
645893
81335
345056
-439557
-155500
