-30438
1933207
-2479176
-439483
-2483845
-1321137
-2676524
-1804470
1041757
-651097
74331
-803283
-3594487
-1194144
-2621192
-493747
-637589
-258594
-1064720
502223
-1970153
-482840
-399495
-735731
2460553
-787979
1611009
528464
-1703350
2264813
-568608
-680747
954678
-3756000
1779128
-3137765
990012
-447193
-1473835
-1595495
-3353620
-571826
577623
-1380011
1822811
3030616
-1818812
536792
-2889762
-1764982
-624475
1891459
-1626058
-748149
-1158613
-2113907
-1780694
-3056790
-22690
-589302
-2861109
-1502121
-830029
-1874102
1346350
-1556120
-1352295
-749359
1397911
-1251261
-1857645
-298361
-176028
852433
-1673715
-247818
-678245
-404243
-845466
2711764
-941920
-361091
379037
-803721
-1072044
-2834029
138990
976541
556740
-2531664
-2078681
-1613508
-2865713
-2281614
-2350631
-1176749
3607450
-298380
-339223
-446795
-1201943
1117899
-1861856
-1378030
-799229
-4441996
-224116
-3123275
2345681
-2813706
-2487856
-3794499
-1532485
-994302
2067865
2539491
-1920994
895690
-888344
-1492558
1092335
-821978
752338
-1627866
1109915
-1605839
-1772951
-557606
