0
0
1768
0
0
1613
0
0
180
0
190
0
0
0
0
0
0
0
4144
0
0
986
1038
0
0
0
0
0
0
0
0
3346
0
0
0
0
0
0
443
0
1242
0
0
0
0
0
0
0
1506
0
1450
0
0
0
1125
1096
0
0
0
2408
0
0
0
0
0
0
4414
0
0
421
0
0
0
0
1620
0
0
0
2861
0
0
0
0
0
0
1068
0
1782
0
0
496
0
0
0
0
582
0
0
0
0
1397
0
156
0
259
890
0
2887
0
564
0
0
0
3052
0
1670
0
0
1030
82
261
0
0
0
0
0
0
530
961
813
0
0
0
0
314
0
0
294
0
0
0
0
0
1175
0
843
0
0
0
0
2429
0
0
0
0
0
0
0
0
0
1361
0
1498
0
0
897
0
0
0
1397
0
2731
0
0
1032
0
0
700
0
0
1382
0
0
0
0
0
0
0
1383
1786
1006
3442
0
241
0
1209
0
1507
0
0
305
0
0
3301
1359
45
1908
0
0
2613
3545
1267
0
0
0
0
0
0
0
0
0
0
0
2130
0
0
0
2979
0
0
3162
0
0
0
0
0
4738
0
0
3091
0
0
517
0
0
987
0
0
0
1574
0
5046
635
2695
0
0
