0
0
33
242
0
381
0
0
0
0
0
0
170
0
338
100
25
0
0
0
0
0
0
0
383
109
0
85
0
111
331
207
0
0
0
0
0
0
0
0
68
0
30
0
0
0
0
0
0
0
351
0
0
144
0
284
0
0
0
0
0
0
0
0
0
0
0
0
0
305
0
0
0
227
0
0
0
0
0
0
264
0
0
0
64
0
0
0
0
348
0
0
0
61
0
0
0
0
136
184
14
0
0
0
0
0
27
0
0
109
0
0
0
110
0
304
0
0
63
56
0
0
0
0
0
0
0
0
188
94
0
0
0
0
0
18
0
0
0
0
84
155
0
146
0
0
0
0
0
0
0
0
0
0
0
0
0
0
0
98
0
0
105
325
94
0
175
48
0
0
35
218
0
0
0
0
173
0
0
0
250
0
0
0
45
0
0
0
0
0
0
0
197
0
0
0
0
0
0
0
294
0
0
155
0
0
0
0
0
148
35
76
0
0
0
142
0
0
0
0
0
0
0
0
0
0
0
0
0
0
0
69
0
59
0
0
0
415
2
132
351
0
0
0
0
406
0
0
0
0
0
0
0
62
0
0
