-26868
-12453
8610
62156
-31212
97721
-28266
-16421
-63073
-55583
-11014
-62087
43677
-129830
86744
25651
6519
-94696
-18534
-153531
-40289
-46395
-61835
-117505
98153
28123
-60176
21867
-79466
28517
84747
53225
-139601
-122349
-151740
-28371
-105320
-40194
-46340
-46171
17628
-51147
7797
-86179
-65702
-91633
-53618
-127134
-31531
-53799
89926
-156454
-155709
37023
-42031
72819
-117206
-24541
-94061
-43609
-2481
-119943
-63853
-26053
-31069
-26509
-9135
-84747
-20526
78091
-44224
-70232
-111883
58310
-28898
-6102
-89412
-45490
-64749
-35687
67704
-59030
-25337
-47573
16634
-19985
-16397
-29589
-83365
89136
-16446
-29959
-81306
15812
-139254
-39212
-79912
-14323
34946
47306
3797
-73525
-59284
-18856
194
-60526
6966
-50193
-63726
28015
-94166
-121147
-112543
28390
-13226
78027
-42321
-79460
16279
14392
-80339
-32545
-87676
-95281
-39001
-52505
-21668
-102584
48180
24077
-105300
-157255
-137123
-113424
-29166
4673
-37154
-73124
-20669
-67337
21691
39812
-42654
37438
-55150
-43925
-66040
-93774
-17738
-62464
-24406
-49030
-16698
-36450
-57572
-156601
-47094
-97965
-32103
25233
-43000
-162931
26974
83348
24069
-60581
44944
12324
-174958
-76004
9182
55837
-24987
-62199
-4185
-51220
44329
-93826
-35766
-26607
64168
-26112
-126011
-111314
11582
-30514
-112832
-159479
-74268
-44946
-63615
-6421
50642
-69045
-117728
-34669
-36480
-70386
-91958
-46247
75351
-34101
-74103
39865
-31794
-112584
-21182
-32046
-77170
37904
9172
19665
-231598
-164021
-74499
36366
-36537
-5642
-108547
-109822
-6948
-115847
-36961
-20543
-8356
-4911
-4534
-50854
-55475
-20101
-7697
17766
-63516
15322
-120523
-127495
-2480
106266
618
33938
89972
-50049
-57306
-64239
-13015
104143
-53126
-165359
-17254
-39055
-23437
-32379
-31837
15983
-92060
-77733
