52216
-19685
-50613
-24872
13635
-77865
-65266
7228
-69072
134982
10628
-73145
-62103
-60551
-67310
121184
-18010
-7052
-61658
-13489
134969
-27366
-148125
-36918
-12348
-28783
-5364
-124710
-23899
70797
-42377
-47670
32942
109371
-109464
-127632
-49192
-85572
-34115
-95210
-73902
72994
-117668
72167
-84065
-59939
-83515
89977
-18662
-128589
-99502
45561
-12127
-19485
-112373
-63708
28061
-83312
-8780
-9624
-39387
-46578
-35798
-38702
85087
-109662
-91980
131650
6246
25772
-80215
103997
-42379
-60276
-71249
-13583
-35428
-69294
55138
-75851
-147495
120421
70829
-22416
-53940
-56514
4655
-64211
41806
-30906
-62226
-69857
-70848
-86255
-38823
-54836
81879
-40893
-18098
-58370
82172
26688
-65991
-80020
-37117
-160929
-139425
-99966
-32272
69187
64307
-5214
83496
-75046
-61826
-69308
-84720
-6027
145627
20828
-33113
-29639
-131136
-33586
-14027
-83243
-64421
-29197
