-640
-141
177
1171
-966
1681
-708
-192
-927
-836
396
-886
811
-2278
1290
612
-134
-1975
290
-2522
-824
-622
-1134
-2074
2184
468
-876
422
-1721
463
1514
1075
-2906
-2359
-2534
-840
-2013
-1069
-492
-736
184
-1645
228
-1163
-795
-1829
-717
-2052
-379
-1003
1346
-3340
-3296
271
-226
1774
-2112
-486
-2207
-540
287
-2002
-981
-338
-274
-685
262
-1847
-200
1250
-750
-1848
-2050
1444
-208
-404
-1708
-813
-609
-708
896
-1147
-851
-734
252
196
-45
-203
-1986
1164
-445
-690
-1453
121
-2557
-582
-1276
-180
451
934
1
-1914
-374
-660
-321
-1134
245
-552
-1337
708
-1663
-2117
-1690
866
-267
1420
-656
-1708
447
118
-1942
-715
-1467
-1608
-472
-1239
-477
-1595
931
170
-1636
-2677
-2374
-1970
-508
436
-596
-930
-175
-963
454
928
-873
701
-1219
-732
-1151
-1903
-99
-929
-455
-787
-398
-1235
-1050
-3125
-869
-1749
-279
69
-651
-3121
501
1643
601
-1323
684
534
-3523
-1517
160
1062
-465
-767
484
-829
743
-1420
-185
-411
1169
-557
-1849
-2225
288
-319
-1865
-3496
-775
-609
-1585
361
1028
-1200
-2302
-472
-413
-1098
-2319
-829
1287
-639
-1581
925
-592
-1944
53
-585
-1656
550
573
232
-4371
-3059
-1348
881
-482
-436
-2345
-2471
-46
-2647
-1162
-425
-618
39
-60
-542
-850
-414
-321
271
-1202
334
-2127
-2468
-203
1724
408
809
1885
-826
-739
-1474
-744
1665
-858
-3243
-370
-551
-65
-549
-251
915
-1271
-1265
