1380
-53
-1672
-767
112
-2210
-2217
-48
-2285
3580
1033
-2450
-2571
-1171
-1822
3461
-484
-104
-2127
-554
4169
-842
-4634
-1295
852
56
833
-3245
-503
2148
-322
-1537
1097
3552
-3327
-4254
-1276
-2738
-926
-3385
-3289
2468
-3953
1769
-2690
-776
-1766
2356
-1417
-4106
-2677
1905
-246
-620
-3852
-2631
705
-3456
-279
-275
-1297
-1870
-820
-1080
2911
-3409
-3691
3585
1127
1448
-2637
2914
-1452
-1654
-2420
-67
-1211
-2060
1309
-1762
-4568
3226
2564
-752
-2041
-1562
181
-1683
1388
-1100
-1750
-1758
-2559
-3167
-1405
-1688
3547
-891
-538
-1942
2330
776
-2728
-2894
-1201
-5851
-4934
-3341
-168
2260
1480
-586
2052
-2376
-1484
-1524
-3021
-366
4345
440
-1294
-953
-4462
-1619
-509
-3351
-2112
-515
