-114158
-54923
32226
251403
-124839
396777
-118699
-67779
-257609
-223843
-45955
-252390
177493
-525264
354766
108385
27487
-387003
-72825
-629971
-160910
-190718
-255080
-474858
402531
113070
-248764
86537
-322657
124961
345371
219502
-572754
-504643
-620217
-119575
-431984
-162902
-190709
-193428
69318
-211483
28810
-356231
-265987
-376125
-225390
-519318
-126350
-223584
365790
-639006
-634349
148832
-173605
296591
-485657
-103877
-383843
-174918
-13285
-492164
-255907
-108797
-125144
-104857
-37914
-345848
-82530
316834
-178242
-289097
-457912
236490
-114682
-25594
-364892
-189530
-260689
-149038
270484
-245633
-104825
-194076
65709
-86326
-63257
-120429
-340873
368477
-65954
-124284
-332945
64928
-564338
-162052
-327533
-62337
144514
193049
13792
-298862
-243079
-71831
1017
-249220
22415
-213771
-264907
117290
-381746
-488168
-459065
113118
-56067
325361
-172648
-326882
63349
55414
-331056
-133775
-361102
-390018
-160324
-219687
-93750
-415656
196390
95377
-432072
-639822
-558844
-467274
-114628
18961
-155593
-303287
-84622
-274717
89521
162471
-175187
158122
-230738
-179566
-272941
-384699
-73766
-254928
-94475
-203920
-68867
-151555
-235350
-639949
-191833
-396164
-133920
100930
-179056
-664343
107220
340818
92666
-245187
183973
42934
-718582
-313342
37497
228989
-102207
-255441
-19581
-211826
179487
-383025
-143931
-115276
263048
-108517
-521592
-455243
48058
-126754
-459449
-649080
-298662
-180300
-260376
-28743
204493
-278832
-481104
-142471
-148416
-291366
-375814
-187836
309227
-140520
-307946
166341
-132750
-461009
-87617
-137115
-310135
154154
43371
82898
-941493
-667975
-303762
145856
-146484
-19676
-442797
-452146
-27977
-474745
-156595
-82477
-32243
-14002
-23834
-204887
-225381
-86883
-29603
71145
-262666
63640
-488034
-523515
-6420
435235
1355
143525
367364
-205708
-237618
-263227
-53148
428942
-218612
-673663
-69272
-157487
-99790
-134669
-130426
57868
-374629
-311764
