0
0
125
982
0
1549
0
0
0
0
0
0
693
0
1385
423
107
0
0
0
0
0
0
0
1572
441
0
338
0
488
1349
857
0
0
0
0
0
0
0
0
270
0
112
0
0
0
0
0
0
0
1428
0
0
581
0
1158
0
0
0
0
0
0
0
0
0
0
0
0
0
1237
0
0
0
923
0
0
0
0
0
0
1056
0
0
0
256
0
0
0
0
1439
0
0
0
253
0
0
0
0
564
754
53
0
0
0
3
0
87
0
0
458
0
0
0
441
0
1270
0
0
247
216
0
0
0
0
0
0
0
0
767
372
0
0
0
0
0
74
0
0
0
0
349
634
0
617
0
0
0
0
0
0
0
0
0
0
0
0
0
0
0
394
0
0
418
1331
361
0
718
167
0
0
146
894
0
0
0
0
701
0
0
0
1027
0
0
0
187
0
0
0
0
0
0
0
798
0
0
0
0
0
0
0
1207
0
0
649
0
0
0
0
0
602
169
323
0
0
0
569
0
0
0
0
0
0
0
0
0
0
0
0
0
0
0
277
0
248
0
0
0
1700
5
560
1435
0
0
0
0
1675
0
0
0
0
0
0
0
226
0
0
