433525
-156984
-416841
-217361
108366
-644364
-527235
61863
-572768
1106302
82830
-610163
-501853
-506537
-559352
997504
-149813
-50341
-514847
-111300
1122580
-235196
-1212935
-309516
-90623
-234022
-39100
-1024966
-197809
588417
-352973
-407590
279063
905768
-904394
-1060151
-393500
-710130
-270356
-795542
-611037
600436
-965379
598396
-687523
-485168
-689686
745627
-154177
-1060822
-816518
373399
-93847
-162254
-923396
-526153
226882
-689588
-76609
-74927
-322428
-386595
-302733
-330967
705677
-916012
-762683
1089564
57720
213783
-653208
869418
-353744
-493821
-593009
-115470
-303841
-577635
449380
-623318
-1207045
993764
581155
-191535
-461302
-466022
33433
-529851
345028
-250465
-512490
-577584
-581246
-718285
-335160
-455710
673019
-339456
-159399
-486967
667851
214395
-553884
-660272
-310110
-1327471
-1150696
-837469
-265304
569917
530820
-48906
684138
-636008
-516382
-564505
-712493
-46736
1217381
171783
-281477
-247089
-1074868
-274052
-123555
-682731
-535640
-249890
