0
0
38
294
0
415
0
0
0
0
65
0
196
0
326
151
0
0
43
0
0
0
0
0
526
111
0
97
0
120
383
275
0
0
0
0
0
0
0
0
36
0
50
0
0
0
0
0
0
0
338
0
0
73
0
434
0
0
0
0
76
0
0
0
0
0
45
0
0
309
0
0
0
348
0
0
0
0
0
0
217
0
0
0
68
32
0
0
0
300
0
0
0
30
0
0
0
0
102
233
2
0
0
0
0
0
49
0
0
145
0
0
0
206
0
351
0
0
101
35
0
0
0
0
0
0
0
0
219
42
0
0
0
0
0
103
0
0
0
0
109
241
0
170
0
0
0
0
0
0
0
0
0
0
0
0
0
0
0
23
0
0
133
399
167
0
170
119
0
0
36
259
0
0
90
0
195
0
0
0
294
0
0
0
65
0
0
0
0
0
0
64
245
0
0
0
0
0
0
0
321
0
0
238
0
0
11
0
0
136
136
55
0
0
0
217
0
0
0
0
0
0
0
0
0
0
0
0
0
0
0
68
0
91
0
0
0
426
82
187
470
0
0
0
0
416
0
0
0
0
0
0
0
206
0
0
