-43331
-12859
9849
75349
-62340
106395
-46466
-17048
-59083
-55550
16727
-64090
50225
-144081
83489
38805
-11826
-126026
11137
-161984
-54126
-42613
-74346
-136548
134728
28644
-61900
25078
-108115
30964
98274
70640
-184709
-151471
-164047
-55467
-130249
-72727
-37543
-55783
9351
-108844
13031
-79408
-55858
-118612
-50669
-133187
-32626
-70006
86689
-218654
-207559
18931
-22073
111335
-141458
-32939
-140310
-37184
19621
-128145
-63989
-25805
-21912
-43270
11665
-120322
-17809
79202
-49892
-119691
-134656
89257
-15252
-25399
-110495
-52037
-47828
-46204
55759
-75921
-52858
-45470
17554
8267
-6266
-19592
-125607
77051
-25158
-48697
-96091
7822
-165578
-39979
-84121
-11329
26151
59896
653
-121551
-31096
-45943
-25573
-73868
12731
-40642
-87009
37308
-105225
-136209
-111447
52990
-21815
90092
-43070
-110101
26001
9090
-121812
-45063
-94963
-102988
-32848
-81794
-35069
-102874
56069
10759
-109280
-170396
-153026
-129510
-31043
26586
-38707
-63435
-18150
-62539
27933
61869
-58163
43520
-77275
-49469
-72161
-123085
-4669
-59678
-29306
-55169
-31645
-79156
-71854
-202461
-59235
-111602
-18080
6012
-47255
-206881
34175
102196
42994
-88308
43634
30653
-224972
-99460
9362
66485
-33514
-49922
23112
-56679
50029
-95573
-16681
-30662
75499
-32730
-124712
-143468
16813
-25426
-119443
-222369
-54041
-42595
-102864
16412
62893
-82391
-144319
-31328
-29299
-73717
-150125
-55371
82411
-42497
-103093
60960
-43696
-127788
2854
-39674
-110298
34989
34879
14246
-277010
-195027
-88274
55558
-32100
-28097
-148846
-155970
-6050
-167835
-71508
-32723
-38328
-2000
-10898
-34646
-54882
-26174
-24168
17428
-78680
23372
-139294
-160928
-17671
109298
21226
48038
120491
-52782
-49160
-95090
-47412
106508
-54542
-202848
-19433
-41678
-2665
-37032
-16121
52958
-84932
-89023
