45500
132
-61825
-33633
-4584
-84013
-82198
1143
-83169
137284
31657
-91948
-88547
-49907
-77602
123965
-24550
-1442
-81337
-26807
141083
-35742
-167287
-50969
26061
-12057
22738
-125609
-26283
74214
-25929
-62421
31799
124907
-125370
-159863
-47280
-104857
-39149
-128599
-111585
87628
-146553
69433
-102639
-29996
-78184
90359
-50353
-144923
-96864
56546
-24462
-26856
-145785
-88514
23436
-125334
-7098
-12902
-52399
-62612
-35836
-47390
104732
-126905
-135472
130373
23653
36850
-99448
99066
-58015
-72909
-89338
-7974
-51128
-77800
54122
-64200
-168271
121318
88905
-31486
-79927
-61869
-907
-72352
43142
-40845
-69158
-67616
-91851
-122633
-53316
-67344
121741
-28111
-23666
-68674
83234
19144
-100307
-109585
-49024
-222507
-179332
-130872
-16870
73638
49802
-16989
82464
-93672
-57643
-60814
-108058
-17337
155637
13964
-46872
-39145
-162986
-63004
-19440
-120371
-83138
-27577
